z1,x2,x3,x4,x5,x6,a1,a2
0.866294795792363,0.885787157236652,0.0581445714765455,-0.534914399439011,2.80057471267696,1.77323169493384,4,0
0.14325306392095,0.168776906774137,-1.59081555460142,-2.23495760592443,5.6407095843435,0.0539000435404677,2,1
-0.277567340780325,-0.259960801897541,0.654276318785733,-2.23107754678019,-0.318350299620444,1.39483702733161,1,0
-0.747472341691329,-1.04868748506607,0.10510917672818,0.325163417643282,-1.14315128261466,0.0417482443180049,4,0
0.612224399647701,1.09854778672229,0.937354106519939,3.2917925916805,2.16154624361699,1.29554951373012,5,0
-0.834411744067854,-0.672306240511756,-0.355943586470336,0.084268638775711,-0.649685784667648,1.59024508289042,4,0
-1.7516592426352,-1.94960759675194,1.36624852695041,3.42018319079888,-1.79611974578899,2.326189498273,3,0
0.426037473243121,0.487838525841622,0.995253945903158,1.88656327907656,-0.82411487208943,2.62074978450749,2,0
-0.617087950741551,-0.90249415282191,0.335025466346716,0.849192625326099,3.91311045568392,2.7892588598836,5,1
-0.0845708409670756,0.101726087630081,0.953140735499292,-1.02255064820043,3.7817793046032,1.68837682149353,1,1
-0.0289345886890063,0.24972488590521,0.291255097276549,0.695337049875336,3.9298298245541,0.665553969796747,1,1
-0.949110315931823,-0.650772586060727,-0.51592766516048,2.39795047585079,-1.80481715601755,0.478064035191631,3,0
2.49218517771641,2.58453512070033,0.333776736708407,1.55320021415328,0.300054840957407,1.31282427809657,2,0
0.0867272219541055,0.347718701987596,1.80884151245738,4.36971875077802,2.94537524422397,1.30182752009006,2,1
2.01526478113392,2.09842224548726,-1.3278907009298,-2.0891053127842,6.07832458519673,0.693838108152395,4,1
1.22433316946641,1.11660542756418,-0.830097141440671,-0.966194187497642,0.922983105995109,0.486735906451941,2,0
0.666502561067706,0.893086321334059,-2.49993779208397,-3.3654733245555,3.9622859686392,1.8051937197656,4,1
-0.124874592051903,-0.0206963171095869,-0.535075149954312,2.30749241828768,0.073836011758998,2.03641919410768,2,0
0.646169495562399,1.09524831204841,0.673476300924103,2.44080112633377,0.830374471136132,1.46268851674142,4,0
0.491102504262367,0.59329395274501,1.14278088711844,1.54863217135901,3.53236056654307,0.0632952951837193,2,1
0.207163741104786,0.120259352447871,-1.47378993372138,-3.47864556889764,-0.901120100008048,1.04222054030271,4,0
0.202764514921987,0.20331018661936,0.419801334707876,-1.52318478841785,-1.10768930510518,0.777283749415727,4,0
-0.245560290116736,-0.272962771278971,-0.516847952772664,-0.708641946632252,3.9358654461511,2.07787867627087,2,1
-0.214616630533507,-0.729455831517517,-0.187289166034087,1.18564713298926,-2.15740303150027,0.0860698698088527,2,0
-0.16519596781639,-0.390496313797701,0.086247564522281,-0.00501913911119616,1.64089699201478,0.348924905061722,4,0
-1.70230309908012,-1.68483904505319,0.211334193523951,0.8544667441771,-2.40905048385683,0.548482607118785,4,0
-1.58774612469039,-1.29999072046091,-1.7383460605897,-1.62492121343436,-1.19033663968889,0.14233042858541,5,0
1.37069414168129,1.16300869974787,1.18938050172098,3.60779895658645,2.46510754405788,0.655440383590758,3,0
-0.020437590763025,0.130507780994335,0.286436908017404,3.52301213283163,0.360051874925425,1.93227131283822,4,0
0.029023928873448,0.00221253184401925,0.0937149249322572,-0.999078266585908,2.29711150231564,1.90202070019188,4,1
-0.925690565852555,-1.21715666509446,-0.260470055932473,-0.694817821927917,3.50025556191697,2.26123988056991,3,1
-0.163853688236342,-0.489230459915629,0.405922725198503,-0.8123739108111,-0.125948307529051,3.46741900385773,3,0
-0.157068955917105,-0.254033500761711,1.32434893393593,-0.369111034227619,3.93516268191539,2.07474153107944,3,1
-0.492657785464326,-0.390721922888924,-0.734439200401522,-1.05312799590936,3.92824706602925,0.830745332832349,5,1
-0.0846128835182374,-0.437742356038659,-0.968194398590149,-2.00059297786995,3.76033318682241,2.21613756381442,1,1
1.56299929472727,1.73188843057739,-0.604475662895715,0.487379780757976,4.73957360830729,0.165352486489529,5,1
0.746908607335582,0.53804057661483,1.22534695942714,0.536176815996687,4.23026939753676,1.9753019697124,3,1
-1.0836445640922,-1.10320213451922,-0.457655293205341,0.701987028904154,-0.410154360033946,0.285785837297547,2,0
0.131883276697524,0.394466733853621,0.676430974052138,2.5720514493131,-1.24808902513308,0.984684058423054,3,0
-0.327294413060839,0.427272704163613,0.321062806430031,0.336267579148339,0.477779713656839,0.403890235349536,2,0
1.30789068556839,1.91816235981888,-1.36414204424017,-1.6239440973652,5.68835218245388,0.254841190981095,3,1
0.767121077691282,0.484983643548485,-0.979509174517607,1.65078529387865,4.33100684240065,0.992040635975909,1,1
-0.159966217586764,-0.142832476506142,0.330811010119802,2.31437361259444,2.04099042740524,0.0526581205859773,5,0
0.346445195107529,0.82229195278274,-0.610750514722793,-3.8839710970801,0.430682136493564,0.378002306353697,4,0
0.625292337935525,0.94806204946472,-0.816477343680454,0.0316455879803021,-0.431943545915287,1.50449560201707,1,0
-0.271640292081139,-0.379851023349085,-1.59400525298638,-1.21992134227873,4.27566307500905,1.09328099941358,1,1
0.682085221283163,0.526179967437828,0.316308636510413,0.159814965948109,-0.217192541487751,0.904437076258373,5,0
-0.774946117518597,-0.893685856220626,1.06751066716786,0.503283980376428,5.68151587052025,0.0931292860768735,4,1
-0.945459008310725,-0.803812418333093,-0.134951375691748,-0.277779074458111,1.9125004024043,0.0813486121905096,4,1
-0.26281053944395,-0.990710428802974,-0.103794105224878,-0.0903004131432088,0.90128912088177,0.810167438817649,3,0
0.38237238277318,-0.0772770818171093,-0.600783800655294,-0.198638578831885,0.395533783707415,0.0960046836130757,3,0
1.44024238608086,1.60819189317889,-0.380895566538772,-0.323271932720546,2.50080879948337,2.60978992084477,3,0
0.511678783134468,0.552852826550662,-0.135202900648468,0.58814054004663,5.5664180633475,0.837119949804069,5,1
0.763660145105296,0.959060216253029,-0.340699492252437,-0.785498571642756,4.6567010683474,0.0944353515876208,5,1
-1.48102510885782,-1.62093495442689,-0.775260400584881,0.324333735269846,2.62771684069354,0.425051802784367,4,1
-0.277968835617812,-0.161128306652978,0.411960035436819,-0.530793535867986,-0.0574786746150286,0.0194065373293214,5,0
1.47202718438245,1.58159904756573,0.912834011536573,3.80942098991604,5.05314089498248,1.09730757582457,4,1
-0.0227449053882647,-0.353927466412791,-0.933593242438168,1.46152281056447,3.53357359665201,4.83758961011596,2,1
0.561168940848824,0.655626503366529,0.445178846685347,3.91094219266749,4.67287564999631,0.479535780381411,5,1
-0.858749148093341,-0.259701473261265,0.431567056139835,2.08403643256496,-0.269338576388389,0.302139343693852,4,0
-0.516965889705815,-0.521210638491319,-0.018596750710439,2.77424319319024,2.13776348662376,0.0421904567629099,1,1
0.167140033260537,0.356965179941526,-0.484904276489417,0.691580056393049,3.40622865270826,3.62559830324197,4,1
-0.235782148943276,-0.545641819826788,-0.467312344178665,-3.0098138111135,4.28799776883584,0.62008032342419,5,1
1.2399563035867,1.77701555413525,0.311297727245334,-0.579190097698082,2.19397661289604,1.05066207047076,5,0
-0.375675500896119,-0.290156002725915,-1.79220083341808,-2.03100193193869,3.91208469282393,0.0750777320936322,1,1
-0.898674047187118,-1.32976370716585,-1.28073075483926,-2.79296879496142,-0.783634417568424,0.835157525683654,3,0
0.966900473845471,0.968236797695566,-1.86682756239189,-3.21346160523708,5.15798025637325,1.36154163158954,2,1
0.431890210424528,0.388318959204169,-0.0497011863668831,-1.90308867796393,2.37584072728405,0.690486773848534,3,0
-0.599678552496776,-0.851550586477735,2.15465387589162,0.277213774368286,0.233712342265694,0.780468282247794,1,0
0.148482831476274,0.0907252974338725,-0.500435579446215,-1.43156772355322,3.06254991676165,1.52266979581656,3,1
1.39532323633909,1.45233601102243,1.06459970198456,-1.26399252019665,0.827703008649842,0.422932895831764,5,0
-1.45447012823646,-1.62699607102282,-0.0967553608344103,1.30594358311663,4.7663070501643,3.22061169875746,5,1
-0.722454476915783,-0.656304132866972,0.148813158036843,1.47800769185494,-1.02417302282043,1.06921255211802,2,0
1.11106505634049,1.54890080007948,0.00489844295743699,0.171662024629676,3.08113397783358,2.0727126597518,2,1
0.139152983683432,0.156726029266597,-0.156854919904549,0.204743940952335,-1.70510108755244,0.308543605264276,2,0
-1.78057262360955,-1.73668848530248,-0.331003457148982,0.129021324732253,3.95974733278182,2.99285338057165,1,1
-0.304978801822158,0.0569335515859972,-2.22603713470163,-5.95771221829278,3.94157396105754,2.18472682113264,1,1
-0.520931653363439,-0.703115516339634,-0.214703437309555,-1.92016088338908,1.97092247731231,1.59715749501231,1,1
1.59449850844479,1.86197799796605,-1.34258597309309,-0.412209599130972,0.106128663026865,0.564144869800657,1,0
-0.414597289419238,-0.617826035837517,1.02931241539603,1.85636463885083,3.8697740561878,0.159964687312477,1,1
1.4354827803643,1.47003146356864,1.3990085546072,3.2985236815193,2.94782729360527,1.86284088642961,1,1
-1.25527307793344,-1.10332269760981,-1.59724509517555,0.449565039015248,1.34117816195498,0.524006180465221,2,1
0.0726248355725808,-0.0585192960693638,-1.54074590258617,-2.73936549930844,2.92485108457004,0.735298525551842,4,1
-0.0631274768181451,-0.272675407420293,0.521316608238853,-2.42428876118711,-0.146661549226913,1.92288211165907,5,0
-0.264908684075318,-0.0958627847359647,-0.402849405287007,-1.25337402813659,0.758760842694754,0.00286643863048272,2,0
-1.01121737089808,-0.962589714628991,-1.84796799939629,0.568949330542871,3.26669453251474,1.74647159493508,1,1
-1.97964254580277,-1.99271115134811,0.60743889875508,-2.20971524489627,3.2797155490422,0.194064863957465,1,1
0.6871915574274,0.69572735877456,0.887793510136283,1.92183534800595,4.07080670422172,0.17206184566021,5,1
-0.492454361284284,-0.40439457528426,-0.373707101780769,1.07010163398149,-0.456212870476528,0.0295678284697817,2,0
1.00997439731841,0.793657565017087,-1.38343556560348,0.585036880864682,-0.124946022956821,0.144477465189993,4,0
0.368307388136788,0.70476080542397,-0.249934449268826,3.62800666553575,0.159814997853622,1.07840921926869,5,0
1.41394572384567,1.5963086176433,-1.38429864882385,-2.26034411985106,4.46750029615688,0.788916017818165,4,1
-0.0381954551568179,-0.0579082062338192,-1.33850075611762,-1.55120886883503,-0.202382806294913,0.628941429313272,1,0
-0.00987612401935981,-0.184112964618739,-0.346530858798436,0.200923346576908,1.35484030146948,0.448774001095444,4,0
1.29011378465666,1.11925320687563,-0.147624027048246,-0.766641997938883,6.2571985163025,0.490018681623042,5,1
0.791412656044599,1.22823970638354,-1.09074554624531,-2.58028074924615,5.77779417875197,0.214693184942007,3,1
0.0864845716147608,-0.0903117300561968,0.950250737142397,0.244772558407599,1.14096949393021,0.192731050308794,3,0
-1.06851037008504,-0.825271938430153,0.363410301477178,3.46120335266019,-1.78888446725713,2.38121811618507,2,0
-0.576090389596606,-0.931756306946363,1.24927355155985,-0.292644807711212,3.39470725389391,0.0139442627535164,3,1
-0.910862147913196,-0.946527819694571,0.0518223288426896,0.974835710377881,0.672165629749163,1.26254649921776,2,0
0.964306216639798,0.739432029069836,0.0902845934227082,-1.97889746122379,5.10160872757276,0.0658900206908584,4,1
-0.53732683871977,-0.924848417179031,1.6022752033419,2.36823861314946,3.12400790883761,2.39660215342649,2,1
0.902321277549002,0.970087100256548,-0.849576598358718,0.456791320159771,0.813089690522141,0.0130199230505993,2,0
-0.274380123536461,-0.15763416808083,-1.14688343212022,-2.21251137244567,4.82689862058449,0.394308080896735,4,1
-0.403056564038705,-0.967242011185237,0.565154473864853,0.781746208181674,4.17372325267969,0.01628686953336,2,1
-0.109965226090463,-0.123007598577328,1.63138363810786,-0.472900846129853,1.56208505567481,0.0142577266298851,4,0
-0.961902226465304,-1.07639569760769,-1.4417289683522,-3.25627497562652,5.04662203152699,2.03916977710071,1,1
1.80982673058902,1.7186767994152,-0.320318063491652,0.529857697516085,3.00401283830575,1.88292912757936,3,0
-1.25032984086849,-1.62897098140321,0.25299197084016,1.03973737273173,4.34021472071252,1.1565343895507,1,1
-0.616485626352361,-0.0892734314669132,-1.71709617811784,-1.71242872149499,-0.406535852469191,0.786544759618324,4,0
-0.85666368561093,-0.744500220963048,0.359462359488094,-0.536187743252112,3.54380109098175,0.479184972587973,1,1
0.209187179882618,0.305893837132705,0.414649818808901,1.56815968831628,1.53758363193048,2.25697533214901,1,0
-0.525242285844143,-0.674800815427038,-0.400205176757245,2.61552434404567,3.31761852472428,0.940201930950058,4,1
-1.02056929618857,-1.04771619084463,1.0213100462429,-0.959620674691203,3.5814697805708,1.13320919160298,2,1
-0.617875461659172,-1.33726379601529,-0.0659768517567881,-1.84368763143095,4.35080428586644,0.889565532577971,2,1
0.812652152239515,0.995280375523935,-0.192594765795391,3.4114495832674,1.48014846654193,1.26261636703731,2,0
-1.51741920442363,-1.56524139182434,0.143351401708688,-0.46417675739134,3.78526864553353,2.03300973764601,2,1
0.117028647622691,0.112659355899718,-0.868168593792447,-1.27179213608458,0.500502287216885,1.93338566031495,2,0
-0.155481018843039,-0.117282025732961,-0.22368400591035,0.702554869950822,3.74540479581125,0.935740389224622,1,1
1.48285100912211,1.17474452064852,0.607760871111582,1.0889385292457,4.37841028713231,1.20319730318607,1,1
-0.627236597582533,-0.559373906983962,0.369086084985876,3.01478189333939,-1.66493441777445,0.298096642829478,1,0
-0.435386145322558,-0.263729608995256,0.670289890136792,1.01395140474393,4.22446586693467,1.46044640793445,2,1
-1.20874848321069,-0.730963064625887,-0.38938532434505,-0.383781034730639,-0.889645104996251,0.743732286575151,4,0
1.85278174403513,1.90223867354794,-0.382902563986912,-1.83453427633187,2.87131905734637,0.009059127420187,5,1
-0.443036669819335,0.0796520829271894,-0.525927962270765,3.0055038078452,4.59634109242977,1.59381802951112,4,1
-1.81173410902849,-1.89200819070642,-1.70325989283211,-0.69492486854812,-1.61783754124733,1.36713541574301,4,0
0.620936757161809,1.06774574689084,0.422050786293937,-0.555492505978974,3.63246132579955,0.097086766269058,2,1
-0.262592585321974,-0.00297108098871829,1.42258641499579,2.10517937034637,1.34463620292696,0.924552386460636,2,0
-0.307045091554801,-0.699343241142358,-0.617678588187738,-2.15119385618653,-0.184238058366753,0.507351080421358,3,0
-0.883294847471004,-0.509713306060226,0.837144833236151,2.66424800302603,3.78855325550326,0.511270136572421,5,1
0.788430565231805,0.769040112751997,-0.894466276289287,-3.63171068829356,5.45325701663948,1.64967164070705,5,1
-0.585586738902072,-0.889458542888975,0.20643377518476,3.44016965084117,1.40694461485841,0.271720623131841,2,0
-1.43082333830663,-1.50473510814335,2.88058045061404,3.97175777287098,4.37205392425072,0.0134261212041503,2,1
-1.08344174344651,-0.640116717422558,1.89605233257714,-1.05625904142265,0.807913820019394,0.112982285674661,4,0
-0.491154849587085,-1.08555366829239,0.0989169084543573,-1.00109058067756,3.38582345744631,0.647752445191145,2,1
0.349793986279772,0.208743550297862,-0.972989374798694,-0.358246428439576,1.13048621564055,2.30211839626048,4,0
0.275145967531863,-0.00295715030480626,-0.540650522941604,-1.10217114564322,5.46589766732873,4.41652332593627,4,1
0.180380330930688,-0.153604148282931,-0.842395669645563,-3.4100310783331,4.21645605355764,0.898905995481993,1,1
2.0180281623943,2.51803910395614,-1.4996519555326,1.54636600971993,3.28912480214545,0.873760851058078,3,1
-0.283244470685038,-0.331686783599925,0.269299505617723,1.97697606270787,-0.0113039523184447,0.200566111775475,4,0
-0.145953780663439,-0.492692030148054,-0.92881025114763,0.700715593779485,2.17929210143885,0.13686142622502,5,1
-1.00186014334494,-0.90271870817485,-0.229055927916865,-1.62454281656408,-1.36718121120618,1.00298659871788,5,0
-0.395998633137216,0.51448822459711,-1.56945649236458,-2.08667804067339,0.602290455574786,3.04252070171719,3,0
-0.379398589372553,-0.220520920147411,-0.00418959075856779,-1.53419365690715,-0.222156776235945,0.586484011728317,1,0
-1.13683170014753,-1.00082039037186,-0.0925437769572791,-2.75769790723336,0.177984750743051,1.47358943513575,4,0
0.656353509845108,0.679737157698412,0.942808174926504,2.63290245120428,4.67511505462294,1.55183180413189,5,1
-0.456253639899548,-0.225457010568293,-0.66069714974436,-4.45052391461412,3.25187853832204,0.822210554922831,5,1
1.48917134460891,1.40826578807357,-1.43889551492213,0.63820280776534,-1.64311579473515,0.0202493180833783,4,0
0.502717821842184,0.677939553926319,0.783475163934861,-1.74255503974074,1.85383401823859,0.606549436692148,5,0
0.650364548657634,1.05436576372213,-0.96488583935904,-2.12661159887465,-0.992154860854597,0.62216835655272,1,0
-0.190247360315429,-0.168984243021263,-0.877313672366965,-0.643737897665493,2.20315224086403,1.45891946918311,3,0
-0.252488668662244,-0.20757888302755,-0.0102046050682543,-2.67542903040513,1.27554449925489,1.08837557689428,3,1
0.943422286281197,1.35704367508945,-2.15089700956782,-0.884213172196984,3.87060797267107,0.46173541340977,2,1
-2.56298677460251,-2.80339849176885,-0.521743143274782,-3.52571769396508,-0.547832403040561,0.723775802451273,4,0
-0.984818443712592,-1.42711869724436,0.952519090473113,1.70409515118234,3.84549230512011,0.792850027750147,4,1
1.8134205622948,1.49431512815724,0.20562990283819,2.43541876739464,0.49982471945244,0.022636148147285,5,0
-0.0125182165741182,0.0257981613626849,1.14193569549445,-0.0457663578361209,-0.518303928715984,1.84807638815584,3,0
-0.239120991691072,0.042159001009894,1.52779354603124,1.96111938720668,3.28252596806429,0.0828582379035652,1,1
0.253750508739681,0.642522171422657,-0.724237179486217,1.39454113193088,5.14657136586739,0.719113271641445,4,1
-0.544499680861228,-0.550750567897562,0.203140842930739,2.18283371309862,0.0137325313123707,1.10467532366039,5,0
-0.360418962501616,-0.376614330015981,0.967201070150142,1.53511581479408,4.33376772675001,0.493426085449755,5,1
1.17988040324457,1.46053532626379,-0.00379106334989757,0.655893913849146,0.236133817269984,1.70455590038029,1,0
-1.91566757096329,-1.48038662035352,-0.34798850333849,-3.51236637474962,-0.802257013320283,1.12951499126376,4,0
0.150112870887327,-0.0609040439692224,0.728442169577326,-2.51048952051108,4.33840935455783,0.148351801559329,3,1
0.298285872336548,0.286548793550936,-0.594048948473847,0.156944566168721,1.01579607385254,1.87143070428612,2,0
-2.86055893328317,-3.23088718315568,3.04464085042096,5.8203285889517,-1.64902382988306,0.111975724808872,4,0
1.2242959467845,0.85504621643146,-0.21863784606496,2.81594611498707,3.79193387854373,0.0783087136223912,1,1
-0.135897685242153,-0.427797248389556,1.06704353110913,-0.255395931492961,5.09080668805387,0.810758015098882,3,1
-0.690222039216669,-0.566389798794859,0.0370094941657155,2.14508823630745,0.445591788901659,0.913241582880628,1,0
0.88019769827437,0.556238485315127,0.136334824748894,0.415104323766001,-0.928119764309292,0.0730706611648202,5,0
-0.955336602254016,-1.12429351761599,-0.229176091144407,0.000789373651817804,3.03430435812022,0.57904780190438,2,1
-1.96084668517049,-2.10109785126155,-1.97755864574621,-3.94372487675992,-2.55389537842505,0.857604743870807,4,0
-1.39344255842476,-1.44792310379326,-0.591971274280679,-0.551138442296607,3.68733241867343,1.13953559748353,5,1
0.481906656324185,0.156902301106764,-1.29635097265377,-2.77932437851048,2.05286716491048,2.37443584377382,4,1
-0.141414329002309,0.193629810209937,-1.90430187031723,-3.31177347295594,0.452109817858743,1.79324956416132,2,0
0.102667727820625,0.0918659921472753,0.0636487240074037,0.956311728096517,2.75688140356484,1.68174211486223,4,1
-0.108787735404145,-0.325211006937052,0.939722554521986,-0.854863783514515,5.27378788133122,0.195526297565243,5,1
1.04933166929261,1.56993376683287,-0.175296782855063,-0.942617984377967,5.7118627740584,2.19695863673899,1,1
-3.3330337168208,-3.37735298546214,0.0740426562555864,0.12299342500964,2.46010119350085,0.466857510618865,3,1
1.04559573103919,1.37773912926481,-1.49384369619952,0.246530507157437,4.16430486830911,1.27540041874619,2,1
0.121444404013396,0.300134989134743,0.558414990685858,-0.397911837065188,4.17862034344264,0.484989573247731,2,1
-0.391978094022059,-0.304448590716161,-1.75405770974866,-2.75518014555065,4.07423661432216,0.510486649906841,4,1
0.36270937755475,0.837916037971753,-0.498186704927625,0.625826182901758,0.0638647165744819,0.483058212324977,3,0
-0.412098930210208,-0.791680494824593,-0.688288153674093,3.17499066893712,-0.021847714966624,0.0330928303301334,3,0
-0.530142090796807,-0.880485954729866,-0.406021515897275,-2.88585945808932,-2.40070426487159,0.150212660431862,2,0
-0.514292773444356,-0.844844026370839,-1.40097798070078,-3.40338914559262,1.50427963130989,0.755925238278134,5,0
0.866849820357044,1.19796777240112,0.0531318445774418,0.747628362200331,4.05646561158611,0.122790231835097,1,1
-1.68182237013001,-2.08477518937666,0.0657141110848928,0.216749054235207,-1.23729416358292,1.1484048856843,3,0
1.57155940550865,1.63362714080735,-0.706365433889741,0.312297855405969,5.18877024047402,1.78092563445027,4,1
-1.48609137941861,-1.25737646868193,-2.19878423404902,-0.721055608517202,3.60450782296363,0.165828688535839,5,1
1.7765516216562,2.24551968570976,0.161291679352913,-1.68781963158452,-0.0862721979575989,0.5304283243604,3,0
0.727263361362058,0.749862150901907,0.376314050238681,-0.552625493830703,1.13721572684187,0.610012023709714,4,0
-0.93671337915191,-0.862004857406475,-0.601472018403278,0.263631749985374,4.22553758101689,2.45305148313258,2,1
0.0746558060195495,0.463384278156308,1.18444521023352,-2.25340210917378,0.415991582355617,1.37197218738021,5,0
-0.298473375677861,-0.198942076891002,1.24058044180435,-0.963504619560878,0.791821016699377,1.01811850998075,3,0
-0.784084799742862,-0.977670759750636,0.875249065245398,-0.648954149428584,-1.26493513811016,0.160922622308135,2,0
0.891362343149567,0.510812141826432,0.423684606981862,1.04834119353298,2.09610348200428,0.533628668170422,2,0
0.405915571098306,0.247687831072009,0.481308844828424,-1.26322801300516,0.881326593874315,0.161222339607775,2,0
-0.516548971702553,-0.275197072418377,0.2886734403109,-0.782777014006197,4.88388987100476,0.154066229704767,3,1
0.277596038354829,0.100070869064171,-0.113040469978094,1.16695163966568,2.9782748530503,0.145463180818866,2,1
0.0261953212684406,-0.00315075281406223,-1.0033766678368,1.15324895700248,-1.09913201052984,1.56015533341597,5,0
-0.77183589241726,-1.01986272527065,1.01958274120189,2.67389975809172,3.66430166083662,2.30584083828936,4,1
0.465945990428461,0.362170701545684,-0.546431990976716,0.664022666873258,1.09456550655781,0.111816241405904,4,0
-0.162405848109199,-0.268857011928701,-1.28364110536643,-0.420966087869393,-0.209306754362689,0.416356008499861,2,0
0.869281435536623,0.583031531594222,0.876938129218219,1.68276159046479,3.12142080799326,0.695760272208916,5,1
-0.324935641905333,0.111196905571693,-0.280270259825939,-1.48139426347403,4.42731939817744,1.31005256618829,1,1
1.49928486490933,1.51837001278957,-1.80018950806387,-2.23148296335272,0.192994335905279,0.684632983058691,5,0
1.60045784594106,1.8031073554199,0.364659660394625,4.01731450013751,4.44690125692594,0.530416298191994,4,1
-1.15991591838145,-1.42756200255708,-1.84577908455663,0.306552504669254,2.70863884257533,0.0659247863841169,3,1
-1.87164269388425,-1.8307326373505,-0.604302806574236,1.33887026484056,2.84901368756291,0.220274923369288,1,1
-0.569468924582923,-0.879447368892762,0.213442725395734,-2.15658637786027,4.73964213268267,3.38060033304577,5,1
-0.692443332372814,-0.470209203907916,-0.143120482189285,-2.17785792716937,3.18574714673891,0.0648870756849647,2,1
-0.112143930574726,-0.571751863317208,0.522443832300673,1.57301239320004,2.92202429090264,2.76821249152038,5,1
-0.275449539589919,0.0763781605701487,0.395742359642409,1.486893043817,-1.12514745780575,0.630210781469941,2,0
0.0173869036526908,0.20078298329378,0.279538824433778,-0.179504510617485,4.43716924743873,0.798200577455473,4,1
-1.55518260142274,-1.63816321517892,-1.57065886280034,-1.26725700290906,3.55963995799921,0.00284150531521386,4,1
1.20776527249419,1.43088202115848,-1.15034578560053,-0.292110357633786,1.7770802891628,0.247739430051297,5,0
0.679313536463164,0.731424971830651,0.344056929782116,-1.12130071066893,-1.02059368943015,0.247771866880165,4,0
0.977592294175493,0.910791891306549,-0.171357192852051,0.0373751353083049,3.56805992941006,0.000672425828234486,4,1
-0.04486698046342,-0.534264046823036,-0.268940612410488,0.741507747616629,-0.763165903222521,0.345617056824267,4,0
-0.35734137198052,0.115877612225956,0.623432679814931,2.45923102951363,3.12137543011862,0.687638982664794,5,1
-0.206712219252648,0.231307635947778,-1.34656298162292,-2.38027827458817,-0.436113788923005,1.19589730161698,1,0
0.0788488167559641,-0.193797985055396,-0.815037906472038,-2.37438847441223,-1.01632922959468,1.18708541891993,1,0
0.592004149757881,0.702213957360123,-0.242930101703246,-0.52928419405538,5.18763903503871,0.2887102086097,2,1
1.00555361091785,1.42776534426497,0.283835943696915,-1.86365086362238,0.126163321340115,0.447164324112236,1,0
-0.553934238820967,-0.908436068210812,-2.08827253569595,-3.45877921765331,-1.18545685300046,0.555910551454872,4,0
-1.46083754878042,-1.19125090032875,-1.27149298545311,-0.435544747930261,3.82397677504798,0.350688812788576,5,1
1.64015700217677,1.7570962171859,-0.671151645450557,1.63889324568308,0.537531522904515,1.06618891279669,2,0
0.0342982896356656,-0.0463764352360093,-0.19628329823568,-1.07133400887751,0.160126341143213,0.345619671512395,2,0
0.408478344994391,0.249880791725743,-1.98177771079527,-3.88827111600679,5.29691234914526,1.16545991315962,2,1
0.184059867618833,0.0383977374718752,0.197065939627907,0.367469520694888,-0.484641578382166,0.458505453076214,3,0
-0.981923259765741,-0.665295025433676,-0.690647641406805,0.557855546688854,0.277336071077318,0.162705507595092,3,0
-0.320337555519855,-0.0872783576890933,-0.74784920377179,0.952038594140075,4.32530764853234,0.156768197193742,4,1
0.365538383993723,0.468748677307074,-0.483184797190369,-0.638778494079887,4.29638983395293,1.83900909117403,2,1
1.02064999960384,1.33867213143668,-1.28868412022408,-3.54299663686409,0.306053316542511,0.20427693582006,3,0
-0.774903930881183,-0.465685810929028,-2.30701199814516,-2.61025881079153,4.13665517211493,1.10657596583934,3,1
-0.101603651796562,-0.72419709998676,0.875000298301139,-0.181386989344074,0.805532553372361,1.14312375612081,3,0
-0.973076330199051,-1.4639354586911,-0.340795234365954,-1.80087845002057,3.44024432960744,3.5278477056025,4,1
-0.0358663291502892,-0.114591168016791,-1.97256752833601,-4.52883057454954,-0.973037373820651,0.0310650528408587,5,0
1.14615746705615,1.33602660983857,0.921429703991406,-0.70387660631202,4.12478224292853,2.09393805066559,4,1
1.24729089468733,1.25704600599353,-0.0720972876197994,3.13141543392934,3.93525392624919,0.718458272956311,2,1
0.626940426614655,0.688258053646036,-0.0551201458212948,-1.88644548980908,5.33592575040614,1.07960556070776,5,1
-0.951680433240069,-0.690729560461924,-1.15488964668434,-0.639906428998165,2.62375778292129,0.386833123397082,1,1
-0.065648035718644,0.0659255770136078,0.338999203594579,1.42401497397433,-0.872809989082023,1.25457841619374,4,0
-0.477772738398914,-0.296375652856892,1.41958774475864,-2.11200527426127,-0.677988033081141,1.23844558834554,4,0
-0.556376492109411,-0.779473142774113,-0.788784284789791,0.0638795461121824,-1.06263791581249,0.454705541651144,1,0
-0.388428265544344,-0.188251864086208,-1.13894145728171,-2.80341805107759,0.0192071294372574,1.37486999291451,3,0
-0.639676566601834,-0.833568600993363,-1.90066955242163,-2.04316968325565,2.4564015896832,0.556622432544827,4,1
1.35963908819231,1.22079901199009,0.199588488651552,-1.57502981594673,4.24439317320464,0.00557213819147283,2,1
-0.40096122456516,-0.39195234422367,-0.135358898991025,0.463410900408835,1.75179721538297,0.564672586508095,5,1
-0.112972163353382,-0.150246737256371,-0.689669980323823,-2.91580060833613,-0.181754607596362,0.541979557834566,3,0
-0.399818015067154,-0.789513979674825,0.257215859835399,1.74191455301416,0.361320317013688,0.228187813423574,3,0
-0.456002515699124,-0.259652820003104,0.68367495029469,2.05678376447607,0.437697196081057,0.73925305898757,3,0
0.149561807044613,0.593695166295849,1.23156122478659,1.35567519249697,4.92305543628618,0.726025519050828,5,1
-2.11595507602688,-2.55427494028486,1.22518607955467,1.18279818440608,2.35844351664528,1.94273933014813,1,1
-1.88912580090512,-1.54289332128754,-0.325411455090956,-1.93698004933648,-1.87095094887809,3.85033377052701,5,0
2.06928216385428,2.02192104535624,-1.32673592950203,0.356769850363132,1.88236217375434,0.499908386328479,4,0
-2.46779309690668,-2.65028311448928,0.798119998795733,3.42078050414963,3.74876417728747,0.422494124621153,3,1
0.572069015438432,-0.132273254157266,0.791420640582856,2.20328760555642,-0.00808316431196821,0.747689608910897,4,0
1.21759801834111,1.16798887428845,-0.0660760418100282,3.8213852720257,1.61334093059938,0.197419517207891,2,0
0.605884264003531,0.52669412253887,0.109904058919818,2.07692624230301,2.38017392358202,2.18317928711388,4,1
-0.623259828784968,-0.656240543326933,-0.40389023893773,-2.80075174528762,-1.38530096259369,3.15251550806646,1,0
0.0753263968946834,-0.0111469144390055,2.24715207409348,0.422416435570491,3.35529019739361,0.812695212620211,5,1
0.358955464267955,0.701373858421395,0.495317884525634,-1.89873228350554,2.9693749288791,0.921703478279424,4,1
-1.04939170175827,-1.22869895068016,0.646499140641607,2.21498664794706,3.50028382305002,0.257182605098933,4,1
0.387908672805077,1.02215885783399,-0.436666644302196,-5.72320944778675,5.24486915609808,2.37229869926056,4,1
-0.716628777464105,-0.230836102741263,-0.851555093403378,-0.437347988287829,-0.0354707049381236,0.5908611738123,4,0
0.500875655154352,0.920151808950552,-0.972232782647297,-2.35939227030542,5.06134040721409,0.457667890004814,2,1
0.903871742518923,1.21016307760129,-0.701221213360113,1.34756945976993,0.962219943145793,0.161304952576756,1,0
1.16251964050378,1.42812444439681,-0.933936196293214,1.11727240311007,3.55647756228904,1.58553320719841,4,1
-0.706174381754587,-0.514853426922611,1.30839389912684,-1.38918427639059,0.00738110233044853,1.23363042711736,3,0
1.18769049958998,1.0100998282722,0.746408262222979,1.38000933103726,0.182242413720546,0.854431990492058,3,0
-2.18225427844248,-1.81121575261726,-1.08725879557198,1.97447959289958,0.786402510935419,0.23792447003228,1,0
0.803396874137446,1.22417471703346,-1.12892814475332,-0.238894071053871,-0.379269822221849,0.738546639638853,3,0
-1.67001634675686,-1.69229362937111,0.321854669610776,1.7333843741178,0.460774853945835,0.206419138259941,4,0
-1.0360109211629,-0.600399808398483,-0.605197214929193,-2.05952699407947,-0.175679179791529,0.727404833860209,4,0
1.97061053779421,2.59463406746541,-1.01337232829885,-2.0636644125758,3.9121466714139,0.517226342111826,5,1
-0.389407786420424,-0.213744000917593,2.72559323799217,5.21718674788407,5.66188073344652,0.26165692037315,3,1
2.19020430557203,1.68070305651759,0.797931381810719,3.44308423301955,3.6061998876998,0.0456148004159331,3,1
-0.170591484459985,0.0198889431483686,0.412871438344681,-1.74132579220615,5.15133900101256,0.761778914327634,2,1
1.55120748381456,1.13015659588042,-1.97914755303535,-1.04674311933521,0.407107912721193,0.293122301064905,2,0
0.744702996737593,0.51496785878248,-2.0119222130336,-2.88652303629843,4.28877845571733,2.70095266575429,3,1
-0.952424226234791,-0.828539639500664,-0.814147064758633,-1.39134965038165,2.9695049049961,0.0460254242643714,2,1
-0.502761339796844,-0.885733831710513,1.6752065811572,2.15006134269566,-1.80049311254089,0.181220037997933,5,0
1.78120388799531,1.94055461998001,-0.806895978435663,-0.295422897339651,4.98606825843307,0.510288623161614,1,1
-0.792653286640975,-0.857352016009142,-0.451950793361908,-1.84086064247454,-0.762294466675547,1.15153782166532,4,0
-0.460333045587617,-0.225756882386698,2.93580019092793,3.51664595890632,4.33925795326839,0.85631958484174,4,1
0.74164452332847,0.707978167866695,1.97497849297963,4.75607584565757,-0.354280819282549,0.209429203998297,2,0
0.526919626830268,0.305566405638406,-0.634063211846838,-1.52760553314122,3.94091889438224,0.14655188890174,2,1
-0.217223403489563,-0.456998217005546,-2.01084060022547,-2.1737409300341,3.97229772492137,0.5185327520594,5,1
-1.64856098203188,-2.05100531032962,-0.58582653144961,-3.02717978712329,2.61621049876025,0.864475305506337,1,1
0.459200227274208,0.357806167085171,-0.977628463202938,-1.41701872675026,5.52709973119479,0.775262519106072,3,1
0.867677123827736,1.30805537573124,0.242248177567846,-2.23347543618814,4.30009237681979,0.723700968130269,1,1
0.938640980492002,0.553742454089745,-0.277022331237988,-0.189687100389659,4.35038736940104,0.406064879149199,5,1
-0.160167529513315,-0.337676282668311,1.65413060530934,3.55692219659811,1.01347144466898,1.70105018894371,3,1
0.855564238341146,0.895440088879636,0.919734843511418,2.4657428089489,2.77964300285952,0.431092720709777,5,1
0.192816119152816,0.625384505343621,1.03772983606743,1.24943578588085,1.95974996175681,0.100739298854023,3,0
-0.803480951736888,-0.623900859897272,0.203685524573129,0.792832685915895,3.18392861430485,0.204937121818549,4,1
0.877975974791831,0.510023445472446,-1.97667720441579,-0.0789417045987073,4.93244486813117,0.0315002565084243,4,1
1.66430122446117,2.12341343126814,-2.11396678605585,-3.4320418471743,1.13228487479875,4.13972507954991,2,0
-0.988724784862192,-1.10913327814892,0.318036269733798,-2.29676440575083,0.297117733694137,0.315347459510997,4,0
0.311786020993407,0.207060805477948,-0.0925567199788249,0.227074224274377,5.38896121177685,0.424722185954233,1,1
-0.0649108950900047,-0.307597551201648,0.822357830336869,1.81717702952137,3.30215412685253,0.149211481736738,3,1
-1.21977347663917,-1.25561026083594,-0.449805134164931,2.21521646799475,-0.962228282156498,0.527488674037158,5,0
-1.06369859529445,-0.954802425927453,-1.54709480475548,-1.68491142111952,-1.06540312240351,3.46785266614091,3,0
0.333781900424918,0.444635403297858,0.253013311950604,2.6619682225292,0.678175004873574,0.434500806033611,1,0
-0.20119097326364,-0.14950574231082,-0.282924477769178,-2.28321224273202,0.248421429332508,0.688869948033243,5,0
-1.21545891977289,-1.00161269214503,-0.188994329573267,-2.85507935454208,3.46870306822673,0.9173126425174,4,1
0.411141000181486,-0.105183290816337,-0.403110486387011,-2.31745689174515,-0.0589101794028687,0.439577471168624,5,0
0.806603145723147,0.590827339722047,-1.32806011275513,3.78485595449564,-0.284078838537708,0.196328592567216,3,0
-0.699567582598527,-0.524825279379991,-0.814662723411424,1.36137229934531,-2.0909286028276,0.250722534488887,4,0
-0.534305871917332,-0.479963081423261,-0.0629082245808985,-0.920082331555317,-0.656997598737278,2.22965477953169,1,0
1.02776816238739,1.02177798908628,0.527488727534256,5.13706076756281,5.66334042587669,0.297607731938809,3,1
0.0263447897872732,-0.257267393597568,-0.281395361662038,-5.40330868521265,4.84042620149343,0.0353636969812214,2,1
-0.19168713679516,-0.0819704184155611,-0.157523022714293,-0.378440379455693,3.5453526695229,0.839583628930462,4,1
-1.26383494235825,-1.31510362260739,-0.289356125566093,1.29816418550595,-1.22434692979675,1.74870632021668,5,0
0.0561830456718087,0.000794244687868442,0.262607348679456,3.47076856609841,0.527114142947311,0.642987264320254,5,0
0.880057277954482,1.11236242231365,-3.29367605270329,-2.96723735470892,4.22836096573923,1.48884750551126,3,1
-0.252778057821936,-0.369060639756077,0.516128474758473,1.8815039732576,0.601159876042035,0.0868023526854813,5,0
0.831224783567697,0.744251798439226,0.414222307544385,0.116240525747252,6.78780526677497,0.522486223839223,5,1
0.163391435031011,0.00338510346562063,-1.22328173343011,-2.92291367261876,3.76370857031864,0.581700786482543,2,1
1.25476215727511,1.34172761169991,-0.413273769964141,-1.62091003954359,4.95061839666807,2.30484357277367,1,1
-0.389423355434637,-0.437538474812772,0.253632727055094,0.455003220184849,3.34465267874869,1.45404651977445,5,1
-0.88507879882062,-1.15552921519246,-0.916322023289754,-0.289011422688499,-0.147255786101436,0.956532365600479,1,0
-0.3749249356338,-0.216282780655435,0.288944917164847,1.25002578198447,3.22393340796245,1.33073954624243,1,1
1.15221943509013,0.8050747688784,-0.399544574439363,2.08962271275612,3.92057001813163,0.418416685890406,3,1
-0.888892890230678,-0.858448978034766,0.561235427957939,-2.41307392912741,4.15778549750724,3.72833808304226,2,1
0.359265430050869,0.564877690158362,0.112669865478878,0.94560698683258,0.0640972098373463,1.15836421675504,3,0
-0.39040605345146,-0.358000729798241,1.45171566808751,1.6614486131174,4.72172177478885,0.413112268783152,3,1
0.257176721151965,0.597965627184276,0.00120117167179763,-3.09105914881165,4.92188566654606,1.07981964289666,2,1
-1.67586031087175,-1.34819998429879,-0.0630812451786569,-2.10893953613341,4.1251065581657,0.31833643910408,5,1
0.190348200656436,0.435501304970949,-0.0891895322649943,3.96320609244776,-0.705632589743955,1.32472496289284,3,0
-0.61941248129316,-0.954891724847978,-1.04613688458472,1.42054173102409,2.73411001946318,1.26440371009977,2,1
1.592668352028,1.82611885850454,2.11863307511085,2.08736806044245,0.41445830422948,0.393032995983958,5,0
0.536276323930027,0.135628555094191,-0.396541346422569,-4.58107412556345,2.98164156238055,1.63642880684676,3,1
1.2661629461192,1.44686231418477,1.32160411874756,2.32102562275968,4.30256827355465,3.25647458753644,4,1
0.728606887249158,1.09557979159555,-0.061586853908037,1.11601633690787,3.87398181292692,0.173718443205085,5,1
-0.641951226414546,-0.840247183392427,-1.06613904412788,-1.93659299986317,1.10216940793773,0.13282552933182,4,0
-0.856723451052049,-1.20117838660432,1.58215489185187,0.638836376365083,4.32313280002085,0.00982077446774286,5,1
0.219930127628275,0.223978526338452,0.137886408878016,-0.204488890676247,1.85547550396621,0.126233810191612,2,0
0.742788950171832,0.860863409435967,-1.01402581004648,2.54624873383874,4.79019520557186,0.603902709204704,3,1
0.421866855191573,0.65148352130351,-0.458816928146454,-1.97637620839151,0.458477660541875,0.0641773887909949,2,0
-1.36049233507812,-1.7982979142728,0.805483309346403,-2.0249914070117,-0.455304429865797,0.288888345418796,4,0
-0.673076962413751,-0.309919072896094,-1.35941770869873,-1.23607694028223,3.92822060639507,1.71054642587989,5,1
0.128744303854703,-0.215754526985578,1.80388232420665,3.6205253287276,3.68698042394384,0.524544404353946,3,1
-0.439598636802555,-0.483987485712692,-0.994150207715657,2.23518554363227,4.07542964910535,2.48955329681251,4,1
0.110137010322472,0.671762380224304,0.368949341433279,-1.26055012448122,3.09951850906634,0.314262094907463,1,1
0.525846763671923,0.749125306303444,0.866033723466045,2.81374470551053,-0.950316113260819,1.33900138917835,5,0
1.8493073246033,2.00478047472777,1.78370786957011,-0.665196725467451,1.0798511257764,0.981149149888998,3,0
1.68990366340543,0.941758795657639,0.330808302302077,5.2771634860739,4.34578258818992,1.93183797216954,1,1
-0.468358465352387,-1.01399579186471,-2.52503974958772,-3.54370054053345,-0.73579508369402,1.49207253932002,5,0
-0.281019326692994,-0.69740943464011,2.67802206976223,3.1623474940688,2.61287560111942,1.98299484132769,4,1
0.0790489484426496,-0.381521405076044,0.472634514916089,0.520600497843462,3.99423066151778,1.29585311185093,5,1
-0.626839601310051,-0.566281038625334,-0.968227292171762,3.61134978182353,-2.51585806104555,2.18110158938825,4,0
0.00105232160314189,0.440777277408844,0.450503054502827,2.89910947718968,0.0146002884526719,1.36421582284839,1,0
0.28088443747947,0.443840959700834,-0.106778218924426,-0.587245598295366,5.71685097074413,1.3629256626171,4,1
2.06148544738633,2.31002945956796,0.700774767110601,1.16433555704779,0.976241646119293,0.756235091306282,2,0
1.21252447934886,1.30112892424637,-0.209629360559625,-6.55397943519615,5.97975314961681,1.26323438710989,3,1
1.13181944214276,1.37394810999324,0.013202070361882,1.94659213859923,-0.834888749196402,1.00801358064494,4,0
-0.487909709735206,-0.324685385460167,-0.976938299849917,1.07625434582136,-1.84575702030631,0.608730771578848,1,0
-0.6077955705246,-0.728151239535991,-0.958219260919316,-0.807927768212294,0.623811848665595,2.64169863412592,4,0
0.240234731472135,0.125563134899871,-0.664069198829049,-3.86930927771442,4.51444420631584,1.02380396235259,4,1
-0.336549715580305,-0.160065305114139,1.16706300275922,3.36277135620195,0.891522164268145,2.06641503415051,1,0
0.694806283740807,0.796142641674052,-0.24479177888299,-0.0622552185632254,1.48844623628786,1.07080267312433,1,0
0.10806234635586,0.572852093124342,-0.810388789534512,-1.78096425304174,-0.624527508488651,0.603675273712724,5,0
-0.298540131935632,0.328497232436025,-0.473365335130427,1.29119521941459,-0.0975425955085006,0.299006474670023,1,0
0.892768528350926,1.05702430592461,0.654232459639718,2.41825825026625,3.57743824790832,0.404764615930617,4,1
0.953632101325555,1.2193802103386,0.904541565406292,1.51403053130446,-0.508970385172777,0.27769850963371,5,0
0.873777166732658,0.589229667761713,0.501072479004449,3.3338672998363,3.26451340980196,1.77375663063469,2,1
0.358449290296956,0.123405318589081,-0.386063097503511,-2.41116356287928,3.6328896717147,0.0743294610305638,2,1
-0.429862508842181,-0.122713961408831,0.218507569192058,1.27422458152188,5.40543016205091,0.121927421001209,3,1
0.968284381275604,1.27810987985688,1.00908541500572,0.161193647722131,4.82269011492597,0.713419667526502,2,1
0.18223926301634,-0.118941360480682,-0.719552457710261,-0.773833881632485,3.54445958588355,1.90192051968517,5,1
-0.183406374683754,0.00715014696119656,2.14397403350044,2.87860612130741,2.84907552000513,1.78500587857308,3,1
-1.07287604817026,-1.36624926722525,1.79649114725451,3.58114658860443,3.80568897181664,0.286772340070456,2,1
-1.46477837501779,-1.12619589468934,0.551154593808777,-0.189400851317596,4.81499579780935,1.6247768960053,2,1
-0.0586885805134914,-0.579532010204155,0.101221641204444,1.31514981839447,4.0341553927171,0.288465559016913,2,1
-0.173042715277563,0.298870451122209,-1.46829854981965,0.929685744630875,-2.35914435453205,0.176773927174509,3,0
1.47823626090765,1.60208281071504,1.19917312860954,-0.0187319577842902,5.43123085150084,0.0107501591555774,2,1
-1.24879438593333,-1.00502677896481,0.686731157891386,-1.75088031523532,2.53904204565688,0.172309839632362,2,1
0.704876989044066,0.503883099110707,-1.13680240509284,-1.94687234740841,4.843202623289,0.791162664918617,4,1
-1.48481843618932,-1.5440028688419,-1.53850560534528,-1.32446665516952,-0.33861941035211,2.9988703279007,2,0
0.291374583312567,0.342394684165799,0.902304297989389,0.243039814731445,4.81397865667439,2.92483526451473,1,1
0.245510045475622,0.22862380497383,-1.18246915765156,1.46774853650195,0.998822527514165,2.25492764438007,3,0
0.290223742539911,0.539663506359437,-0.616083536356551,-0.74321421389373,0.74837615495076,0.659462339710444,2,0
-0.845640607142982,-0.621971503634232,1.08234751426401,-0.959824723658113,1.68580997063947,0.477307589258999,5,1
0.735037211619936,1.00130834418881,-1.90297317987934,-3.3819593410725,-0.765470022770088,1.5705217271203,3,0
-0.813011126881106,-0.614808736105787,-0.258491490252066,0.657090086985846,0.768720431288311,0.91169642955207,5,0
1.73557719085187,1.29450295614609,0.692601207247452,-0.922538452202947,0.601947490477645,0.164395277319504,3,0
0.304018793893561,0.164305231023477,-0.311678892887641,3.15574760725928,3.38976534384247,0.193110227603361,2,1
1.20186197626103,1.24337677372045,-0.374141552420899,-0.0969215848668619,4.62761000861485,1.16126573016498,4,1
0.459388775629397,0.401500947313084,-1.0586001271161,-1.74659795580215,0.922028897492676,2.38048063021174,5,0
-0.501265837682849,-0.195692882412562,-0.141556439671158,-1.16288587884397,3.8552167618215,0.717372186439943,3,1
0.878418731217386,1.3733921799665,1.21843697610065,3.5548697907674,0.830847008006698,0.208027604967356,3,0
0.860582588614612,1.24409544593725,-1.43381900285437,1.76685787847832,2.90821781125318,0.600726040545851,4,1
0.0398516307078894,0.299548721881213,-0.419383914842878,2.14650721060449,-0.449708925501938,1.0872371578169,4,0
0.35797938862521,0.42421962338951,-0.0647689983059596,-0.91844700882312,-2.34297994094504,0.165990901645273,3,0
0.919677300118251,1.39570915566275,0.371663433347887,-3.49565917562345,5.0835929099341,3.07811859978323,3,1
0.101796473943448,0.566040207491439,0.0146269551529259,1.0479590889546,-0.65952497729363,0.14594440208748,1,0
-1.32755584364903,-1.20313708305683,1.92993975440885,1.16266546725307,0.342741565410308,0.523906162474304,5,0
-1.10111330489507,-0.926823021052227,1.37723656212911,2.84097884833619,3.97972016376919,2.89422383770221,1,1
0.161636577600705,0.119247430118644,-0.2129705939848,-0.955047187128898,0.441990719881608,2.70769181276176,4,0
0.71101427365304,0.727207019188196,-0.0066043954067412,-0.472536169745281,4.2372723253575,2.14739797438125,3,1
-0.205647405705777,0.166689889033751,0.1042544237513,-0.403770180425459,3.66999320748432,0.9273313935426,2,1
-0.690162253107754,-0.876001154747204,0.980121809340168,-0.383415019024711,3.4079818082102,0.868050025232776,2,1
-0.108245069037902,-0.92122697479109,1.67868315349301,0.53997756451196,0.316032651069294,0.847357367123378,1,0
0.371725257375983,0.531719313391948,1.07651208164663,1.99059585891025,4.90008292610084,0.119249153332057,1,1
0.635535048469191,0.485539919699099,-1.13540613633848,0.409606069992491,0.484661733706872,0.156337711314417,3,0
-0.118742336427704,-0.316291628371154,0.556799900063758,0.784834423401408,0.262261062706222,1.26364831529082,3,0
-0.877931939938033,-0.665621605548716,1.57927588310833,0.431284081574682,3.84949981789306,4.21467043079442,4,1
0.904607703137237,1.1377947927411,0.465898879908304,3.5657828276484,-1.13204726054769,1.23044962897421,5,0
0.60066013580612,0.681660764585593,1.57498935993293,3.09133862085146,0.606988943691522,0.996033033314061,2,0
0.501790037546308,0.0555982048737433,-0.293090554504013,-1.19207578364614,1.26697840973002,0.864461301783931,4,0
-0.072452910966661,-0.141590978121538,-0.67623457437466,1.23493193446871,3.56316999281776,2.15946997263151,4,1
0.0820682698745134,0.311276943870602,0.537675709970538,0.569989054963947,4.07420700193774,1.48358215010705,1,1
-0.109888211741963,0.0546937304821863,-1.08945590926508,-0.618791739361115,-0.499894925334748,0.112939686048776,5,0
-1.28731015354312,-1.46984410586282,1.85468609550459,3.28808896446122,5.55750613417072,2.01214661440792,5,1
-0.679136440538899,-0.495369899510557,0.36641593353075,2.81518281238223,3.92794122647344,0.422791027463973,2,1
-0.308281910329572,0.155474659776859,0.706185182565094,0.661778267399525,4.79897468186618,0.100809512845817,4,1
-1.07405744750143,-0.656954672075735,-0.218232862727768,-0.505415686476137,-0.587127894909254,0.785667081099116,3,0
0.443294684099815,0.495451511960392,0.42226641021053,1.20955788437775,5.40506537224017,0.450086111668497,5,1
1.11177974944828,0.967462209171509,0.219743206058143,-0.572660959299838,0.903288556461104,0.515690087806433,2,0
-1.25218762999339,-1.19653251343079,0.118535383567109,-1.41025740476632,-1.92152250920705,0.31495832339801,4,0
-1.3248648672758,-1.83981120628778,0.972516619155177,0.443891953646017,4.12622700774927,1.51471506050768,1,1
0.31632296343942,0.864219604904865,-0.355065565926283,1.49812972505671,0.30444676715757,1.22598311952771,1,0
-2.73586771848979,-2.912492968949,-0.621990962854375,0.67743994303545,-2.05933814237704,0.0523167881075141,5,0
-0.978524287246292,-1.19267156098718,0.178122017164967,0.413729858740587,3.83044253104741,0.193926914595068,3,1
-0.266894725374017,-0.747979475306459,-0.232794928488735,-0.606292372357553,0.553326195899218,0.343547597061843,2,0
-0.916676090075592,-1.33155801144435,0.464741291363525,-0.136550529225299,-2.06235593403607,0.15667115105316,1,0
0.607197507166242,0.596746635206272,-0.80691958591607,-4.38173277903042,5.43710725329641,1.96297676852884,4,1
1.68311161779746,1.34547421009606,-0.522938737792794,3.24398942329339,1.50260648777838,2.20412026519392,2,0
-0.903709281240474,-0.0906823748034113,1.61146589556015,0.320277427976484,4.80351058608172,2.23918005310302,1,1
-1.29204100097709,-1.20648238416223,-0.654825226530887,1.2490777481832,0.99747342707415,0.0722685656510293,2,0
-0.376012866882032,-0.28290922706882,1.35808416868121,1.03964372278885,-0.101924677260699,1.26401623613657,2,0
0.492090420876762,-0.122573152188062,0.840326051063812,1.12987233188206,4.36770737066195,0.518831087742001,1,1
1.06097477311622,1.03800553574165,0.281826776472049,-0.539349036172828,0.448479801066625,1.49315765491667,3,0
-0.483366889159879,-0.642822638059029,0.342711179120336,-0.676779015666432,4.90561859727815,1.21625668458165,5,1
-0.502412821890461,-0.1108722141344,-1.8407683023989,-4.51626767189726,2.81702047713771,0.70017451975019,3,1
1.47349085310324,1.83122209040705,-0.298975258954078,0.438102246634298,-0.221688607510572,0.837858835193229,4,0
0.531303782510929,0.732693309389592,0.619737731302626,-2.30719688820302,-1.98537378836031,0.242153649684042,1,0
2.37349274375465,1.96735813099926,0.512900822062073,-4.7237652835114,2.12356510223308,0.820737974431988,4,0
-1.79073150820133,-1.87760543950432,0.778947057569664,0.997823289072065,-1.4885102764898,0.61247698077932,3,0
1.66461393233029,1.30674680567403,-0.0607383843397498,1.67380486464186,2.47352049913669,0.0807793855470291,2,0
-0.244574470196501,-0.194875516134146,-1.6669722699278,0.27050796504166,4.25524015603155,1.96608574866297,2,1
0.456340132585693,1.27922877136272,-1.25642205286405,0.12584972823188,2.2315584812962,0.382908322382718,5,0
0.507627123399821,0.518105783424734,-0.102419582482574,-1.6295079482178,2.64353584291681,0.0474719884805381,4,1
-0.756488459043886,-0.806662624898638,0.0248708414366674,1.32060739203905,2.13695392559178,2.13225320527766,1,1
0.178350235904817,0.00187072955428189,-2.00917840536944,-5.85972551350546,4.27495915340401,1.44506590176458,1,1
-1.53610367776275,-1.55316143598412,-0.474142452560327,-0.326275797667953,2.18466506116965,0.110563723836094,5,1
1.7866458217464,1.40828088276616,0.361165177633006,1.41959664371677,0.510471169339244,0.372678892221302,3,0
-0.177388879053823,-0.227632531992702,0.967109519998836,3.32433904745185,3.05419559049947,0.0518700871616602,3,1
-0.579013875680592,-0.639670330000987,0.718224671288682,3.80546951473237,4.7691588105297,0.100806685526162,1,1
-1.67072514492975,-1.89660582864582,-0.186617103600976,0.72089037779497,-1.95629585046865,1.63119657329264,3,0
1.46591369065122,1.46335500207967,1.47467012286765,0.755347189873738,2.63460656513583,0.268037936659013,4,1
0.930527856363062,0.964724650023389,0.705933933884292,1.57737057139053,0.792761479156787,1.53587106835682,1,0
1.55435300432112,2.32758020311642,0.157325065751786,1.32517340555459,3.62588492213581,0.766172428195804,3,1
-0.684566206050664,-0.490946586504036,-0.34849895441562,-0.307940827877781,-0.282743889607154,0.00959746260195971,2,0
0.87795302709863,0.953065794724976,-0.877652540393888,1.70142716394681,4.34519512017951,1.67948295353892,3,1
0.777159213733434,1.06275564438328,2.15719461198632,4.46125461128707,0.297546919056836,0.481487294246981,2,0
1.22980958535465,1.96562745201095,0.263883458014273,-1.27075967053528,1.45165778167813,0.0536907799256167,2,0
0.656699291096928,0.772062375406735,-0.113977567446199,-0.533814726232232,-0.40972590990453,0.636429429985583,3,0
1.63430728769264,1.96081092185167,1.81097450897718,2.6233286929713,-0.15190592064767,1.30849266912689,5,0
-0.264134062796237,0.427560435983273,-1.46738395010512,1.7515336233222,2.51912617654711,2.10820857236598,4,1
-1.30592047974518,-1.90885249694392,0.269048328042483,1.22651877775037,3.63135032235027,0.687312072142959,1,1
-0.365691480844986,-0.504513462846101,0.973650095336863,-2.06015709306638,-2.38460411134816,0.406229771673679,5,0
-0.285462770555239,-0.292910309906277,0.670098236510337,5.48686509778773,0.344380365691933,0.161065933563383,2,0
0.143874704420829,-0.165777766170886,-2.2711734482387,-1.06319957844241,3.71602945073123,0.556316120550036,4,1
0.423344848533336,0.404752297397386,-0.41301437505769,2.02365026177481,0.203059224927215,0.683178335428238,1,0
0.436449075343778,0.281357482379831,-0.875693539746778,-1.15757701598466,4.38077138528023,2.9794512016881,2,1
1.35530638867448,1.0630239266538,-0.20190615643177,-1.77539163286788,0.0572268302266773,1.02053886316154,5,0
0.334402237305225,0.861387257557745,1.36776266792723,1.83617293598868,-0.824462540438276,0.608671175781637,2,0
0.75100228491458,0.642062189291836,-1.93773232855116,-4.12605102607472,5.29954667565717,0.191997552290559,3,1
0.919044412212195,1.4660036284588,-0.71069070038291,3.57341100541036,-2.3108742259491,1.15764496471257,2,0
-1.29724909126691,-0.992333871539735,0.194139731351058,-0.144451387750052,3.76508705171506,1.55331917284968,4,1
1.14166081256194,0.784217083563695,1.24883713989946,2.15551561108827,0.70719804994523,0.0984223829270471,5,0
-0.274711229201545,-0.667274107943853,-0.95435232281358,0.704562342630432,-0.270861618902381,2.33152921298955,1,0
1.66807062459022,1.46150870216713,0.145525567426497,3.90623139780846,0.0721797417804673,0.119553778263839,2,0
1.71697010572411,1.38184094819525,0.0279222934336066,0.708517610062862,4.1903515741802,1.88515993199291,3,1
-2.15501561140103,-2.34754312716761,0.687222943371775,-0.730219097658611,-1.62429599485865,0.259772676508874,5,0
2.17008848530613,2.48407687680834,-0.974496366169375,0.523515420010958,2.76280881762208,0.599285119678825,4,1
0.260438751130939,0.041783176856501,0.842498629008899,-1.45509783942179,4.99599900618987,3.55750392916666,2,1
0.0593925807593492,-0.21993385655416,0.0409140062658944,1.59008355531983,4.03689470278326,0.764121954760309,1,1
-1.37971396298484,-1.80913650350256,-2.03908197411606,-3.62955066716288,0.0404272900804413,1.98689505635741,2,0
-0.439629675088438,-0.704548554908195,-1.82550833927357,-1.3707780443953,-0.200895184405517,0.133355264551938,4,0
-1.12878806263979,-1.74342654573931,-0.38106106197059,0.892347603394532,3.32037433854029,0.633296528831124,1,1
0.241950396967752,0.0218962521288836,-0.418371643119543,-1.04777995690993,-1.47025954130395,0.0686919617092772,5,0
-0.0768030938174483,0.0902211143872137,2.03575645282131,2.0103485229707,3.52236428353159,0.488586103543639,2,1
1.19947691569084,1.88545013125803,1.05710278486998,3.36734597779622,0.924227694849818,0.557505553588271,2,0
-2.45529525508317,-1.89139916652155,0.83870933569467,0.422365467329834,-0.893953052578143,0.896014179061067,5,0
0.0464239132225661,-0.0962781457015437,0.099171008167204,-0.153300328863853,0.219277446731163,1.04547573808105,4,0
0.930165026886113,1.04342580244898,0.950583215939064,3.49969674768922,0.800213827602617,0.657746420241892,5,0
0.199626881429426,0.0527922160271036,-2.21390199565597,-2.08102727031422,0.480577638048479,0.873583090449584,3,0
-0.105849012383329,-0.595557694700637,-0.40764590533264,-3.10312181168883,0.200171414810274,0.143658793531358,4,0
1.16473724400361,1.38160286047047,-0.558325368477838,-0.535684656439652,4.621285282908,0.355752168223262,3,1
1.17461896352138,0.884535999039659,0.112713956600081,0.393476190507052,3.66473289654135,0.957107012586076,4,1
0.328759809371253,0.468070838677214,-0.0841091213883306,0.108617230083445,2.18768004351465,0.384031942579895,4,0
0.975932375142414,0.484456117637156,0.552626474064997,-1.73618217834639,0.600729747097567,4.01424731851971,5,0
-1.16309949959717,-1.00181248631208,-0.740777901812573,1.06466838503101,-0.766548684190637,0.734608131662578,4,0
-1.55299366647767,-1.34485742747526,-0.857316575184884,-0.866738096499797,3.11887896283851,0.36573682911694,2,1
-0.387950272703432,-0.752193168530403,-1.697076657037,-1.85610547423776,1.15728693564932,1.08772643651338,5,0
